66655478541,PUMAS,F,222222,01-10-2007,25.52,20,5.104,,,,,,,,30.879
66655478541,PUMAS,C,222223,02-09-2007,5000,21,1050,20,20,4,,,,,6074
66655478541,PUMAS,F,222224,03-09-2007,10,21,2.1,10,21,2.1,10,21,2.1,,36.3
66655478541,PUMAS,F,2100011,27-09-2007,5000,27,1350,100,21,21,,,,,6471
66655478541,PUMAS,F,222225,04-09-2007,100,21,21,10,21,2.1,,,,,133.1
66655478541,PUMAS,D,222226,10-09-2007,598.2,10,59.82,,,,,,,,658.2
66655478541,PUMAS,F,222228,20-09-2007,600,27,162,,,,,,,,762
66655478541,PUMAS,F,212226,10-10-2007,598.2,10,59.82,,,,,,,,658.2
66655478541,PUMAS,F,212229,12-09-2007,785,27,211.95,,,,,,,,996.95
66655478541,PUMAS,C,21223004,25-09-2007,301,10,30.1,,,,,,,,331.1
66655478541,PUMAS,F,212230,13-09-2007,785,27,211.95,,,,,,,,996.95
66655478541,PUMAS,F,212231,15-09-2007,598.2,10,59.82,,,,,,,,658.2
66655478541,PUMAS,F,212232,30-09-2007,200,10,20,,,,,,,,220
66655478541,PUMAS,D,212227,01-09-2007,785458.2,27,212.074,200,10,20,200,10,20,100,786.210
66655478541,PUMAS,F,21223007,20-09-2007,301,27,81.27,,,,,,,,382.27
66655478541,PUMAS,F,21223009,10-09-2007,301,27,81.27,,,,,,,,382.27
66655478541,PUMAS,F,21223011,11-09-2007,5000,27,1350,100,21,21,,,,,6471
66655478541,PUMAS,F,21223003,28-09-2007,300,10,30,,,,,,,,330
66655478541,PUMAS,F,21223021,14-09-2007,5000,27,1350,100,21,21,,,,100,6571
66655478541,PUMAS,F,21223121,24-09-2007,100,21,21,,,,,,,,121
66655478541,PUMAS,D,31223121,26-09-2007,100,21,21,,,,,,,100,221
