88888888880,RIBUK,D,212227,01-02-2007,785458.2,27,212.074,200,10,20,200,10,20,100,886.110
88888888880,RIBUK,F,222222,01-01-2007,25.52,20,5.104,,,,,,,,30.879
88888888880,RIBUK,C,221123,02-02-2007,5000,21,1050,20,20,4,,,,1005,7079
88888888880,RIBUK,F,222224,03-02-2007,10,21,2.1,10,21,2.1,10,21,2.1,20,56.3
88888888880,RIBUK,F,21223007,20-09-2007,301,27,81.27,,,,,,,,382.27
88888888880,RIBUK,F,2100011,27-02-2007,5000,27,1350,100,21,21,,,,,6471
88888888880,RIBUK,F,212232,30-09-2007,200,10,20,,,,,,,,220
88888888880,RIBUK,F,212226,10-01-2007,598.2,10,59.82,,,,,,,,658.02
88888888880,RIBUK,F,212229,12-02-2007,785,27,211.95,,,,,,,,996.95
88888888880,RIBUK,C,21223004,25-02-2007,301,10,30.1,,,,,,,,331.1
88888888880,RIBUK,F,212230,13-09-2007,785,27,211.95,,,,,,,,996.95
88888888880,RIBUK,D,222226,10-02-2007,598.2,10,59.82,,,,,,,,658.2
88888888880,RIBUK,F,212231,15-09-2007,598.2,10,59.82,,,,,,,,658.2
88888888880,RIBUK,D,222228,20-02-2007,600,27,162,,,,,,,,762
88888888880,RIBUK,F,21223011,11-09-2007,5000,27,1350,100,21,21,,,,,6471
88888888880,RIBUK,D,212227,01-09-2007,785458.2,27,212.074,200,10,20,,,,,466.210
88888888880,RIBUK,F,2129,10-09-2007,301,27,81.27,,,,,,,,382.27
88888888880,RIBUK,C,2123,28-09-2007,300,10,30,,,,,,,,330
88888888880,RIBUK,F,212021,14-09-2007,5000,27,1350,100,21,21,,,,100,6571
88888888880,RIBUK,F,21223121,24-09-2007,100,07,07,,,,,,,,107
88888888880,RIBUK,D,31223121,26-09-2007,100,21,21,,,,,,,101,208
