12345678901,ADIDAS,F,222222,01-10-2007,25.52,20,5.104,,,,,,,,30.624
12345678901,ADIDAS,C,222223,02-11-2007,5000,21,1050,20,20,4,,,,,6074
12345678901,ADIDAS,F,222224,03-09-2007,10,21,2.1,10,21,2.1,10,21,2.1,,36.3
12345678901,ADIDAS,F,222225,04-09-2007,100,21,21,10,21,2.1,,,,,133.1
12345678901,ADIDAS,D,222226,10-09-2007,598.2,10,59.82,,,,,,,,658.2
12345678901,ADIDAS,F,222228,20-09-2007,600,27,162,,,,,,,,762
12345678901,ADIDAS,F,212226,10-10-2007,598.2,10,59.82,,,,,,,,658.2
12345678901,ADIDAS,F,212227,01-11-2007,785458.2,27,212.074,,,,,,,100,997.631.914
12345678901,ADIDAS,F,212229,12-11-2007,785,27,211.95,,,,,,,,996.95
12345678901,ADIDAS,F,212230,13-11-2007,785,27,211.95,,,,,,,,996.95
12345678901,ADIDAS,F,212231,15-11-2007,598.2,10,59.82,,,,,,,,658.2
12345678901,ADIDAS,F,212232,30-11-2007,200,10,20,,,,,,,,220
12345678901,ADIDAS,F,21223003,28-11-2007,300,10,30,,,,,,,,330
12345678901,ADIDAS,F,21223004,25-11-2007,301,10,30.1,,,,,,,,331.1
12345678901,ADIDAS,F,21223007,20-11-2007,301,27,81.27,,,,,,,,382.27
12345678901,ADIDAS,F,21223009,10-11-2007,301,27,81.27,,,,,,,,382.27
12345678901,ADIDAS,F,21223011,11-11-2007,5000,27,1350,100,21,21,,,,,6471
12345678901,ADIDAS,F,21223021,14-11-2007,5000,27,1350,100,21,21,,,,100,6571
12345678901,ADIDAS,F,21223111,27-11-2007,5000,27,1350,100,21,21,,,,1000,7471
12345678901,ADIDAS,F,21223121,24-11-2007,100,21,21,,,,,,,,121
12345678901,ADIDAS,D,31223121,26-11-2007,100,21,21,,,,,,,100,221
